4140638
4147621
4147624
4147632
4147720
4149630
4150347
4150940
4151207
4152463
4153021
4153379
4153451
4153741
4153807
4153831
4154180
4154325
4154371
4154449
4154458
4154835
4154911
4155294
4155299
4155593
4155616
4156160
4157183
4157879
4158276
4158412
4158546
4158623
4158839
4159946
4160163
4160366
4160819
4161053
4161465
4161474
4161537
4161858
4161866
4161874
4162089
4162109
4162237
4162338
4162582
4162630
4162686
4162839
4162865
4162968
4163012
4163022
4163047
4163662
4163685
4164271
4164359
4164583
4164689
4164818
4164971
4166079
4166219
4166349
4166358
4166593
4166685
4166818
4166934
4166986
4167277
4167428
4167434
4167808
4168035
4168137
4168341
4168433
4168620
4169183
4169207
4169337
4169504
4169551
4169774
4170183
4170254
4170287
4170296
4170520
4170530
4170938
4170996
4171029
4171343
4171759
4171896
4171951
4172017
4172023
4172226
4172246
4172289
4172320
4172331
4172387
4172390
4172399
4172407
4172589
4172979
4173039
4173076
4173303
4173344
4173526
4173532
4173618
4173694
4173905
4173988
4173994
4174132
4174283
4174361
4174464
4174544
4174593
4174646
4174868
4175023
4175097
4175522
4175663
4175858
4175864
4175951
4176100
4176133
4176182
4176209
4176686
4177036
4177050
4177147
4177156
4177265
4177279
4177288
4177352
4177408
4177461
4177519
4177755
4177850
4177942
4178047
4178066
4178245
4178368
4178392
4178401
4178452
4178461
4178504
4178545
4178553
4178564
4178630
4178640
4178716
4178822
4178955
4179022
4179217
4179399
4179474
4179607
4179820
4179869
4179974
4179978
4180055
4180160
4180173
4180327
4180344
4180358
4180361
4180386
4180390
4180405
4180408
4180437
4180546
4180599
4180663
4180677
4180911
4180959
4181008
4181066
4181185
4181255
4181266
4181269
4181274
4181293
4181304
4181319
4181576
4181629
4181706
4181709
4181814
4181831
4181834
4181881
4182171
4182300
4182490
4182637
4184360
4184737
4184905
4185519
4185522
4185525
4185533
4185669
4185913
4186000
4186282
4186747
4186803
4186822
4187255
4187322
4187743
4188145
4188317
4188395
4190118
4190375
4191574
4191586
4191656
4191741
4191951
4192200
4192452
4193114
4193148
4193383
4193589
4193962
4194029
4194037
4194493
4194531
4194639
4194986
4195074
4195432
4195553
4195743
4195759
4196632
4196648
4196689
4196700
4196950
4197000
4197199
4197446
4197736
4197836
4198090
4198104
4198268
4198278
4198518
4198555
4198751
4198857
4199354
4199530
4199862
4200082
4200277
4200368
4200438
4200479
4200517
4200727
4200853
4201019
4201189
4201303
4201523
4201621
4201688
4201770
4202302
4202771
4202845
4202940
4202973
4203078
4203437
4204173
4204307
4204401
4204489
4204515
4204522
4204673
4204758
4204793
4204834
4204838
4204870
4205216
4205294
4205338
4205352
4205618
4205622
4205633
4205738
4205762
4205949
4205959
4206038
4206053
4206089
4206097
4206110
4206213
4206242
4206256
4206315
4206348
4206425
4206526
4206654
4206789
4206840
4207007
4207182
4207213
4207239
4207620
4207674
4207720
4207819
4208302
4208383
4208500
4208534
4208717
4208731
4208776
4208797
4208899
4209070
4209078
4209366
4209401
4209646
4209761
4210130
4210229
4210300
4210325
4210393
4210612
4210714
4210953
4210999
4211027
4211249
4211503
4211798
4211879
4212201
4212217
4212390
4212401
4212424
4212613
4212655
4212725
4212812
4213008
4213064
4213128
4213136
4213300
4213344
4213399
4213403
4213442
4213450
4213556
4213606
4213707
4213716
4213791
4213797
4213914
4214265
4214320
4214335
4214346
4214363
4214426
4214446
4214497
4214507
4214529
4214591
4214663
4214671
4214719
4214757
4214899
4214945
4214957
4214979
4215011
4215090
4215175
4215221
4215363
4215384
4215434
4215442
4215484
4215498
4215536
4215603
4215998
4216018
4216219
4216234
4216241
4216252
4216308
4216561
4216692
4216714
4216800
4216951
4217164
4217241
4217255
4217341
4217345
4217543
4217551
4217836
4217881
4217964
4217979
4217999
4218008
4218332
4218485
4218591
4218639
4218732
4218756
4218918
4218994
4219018
4219131
4219136
4219218
4219270
4219278
4219376
4219406
4219604
4219655
4219848
4219987
4220049
4220067
4220187
4220264
4220350
4220358
4220828
4221631
4221635
4221684
4222020
4222160
4222262
4222281
4222976
4223030
4223233
4223315
4223350
4223882
4225249
4225355
4225621
4225695
4225754
4225800
4226181
4226216
4226401
4226446
4226461
4226586
4226669
4226689
4226822
4226848
4227069
4227080
4227473
4227766
4227787
4227889
4228133
4228692
4229269
4229279
4229414
4229818
4229962
4229971
4230109
4230259
4230449
4230460
4230470
4230507
4230662
4230863
4230972
4230988
4231110
4231200
4231559
4231594
4231891
4231898
4232013
4232187
4232295
4232515
4232650
4232653
4232767
4232850
4232925
4232939
4232948
4232961
4233022
4233220
4233631
4233680
4234272
4234311
4234316
4234338
4234503
4234552
4234746
4234843
4234873
4234882
4234914
4234942
4234964
4235013
4235044
4235060
4235091
4235120
4235138
4235289
4235624
4235977
4236093
4236193
4236628
4236670
4236863
4236974
4236988
4237008
4237031
4237336
4237706
4237712
4237916
4238177
4238409
4238481
4238689
4238824
4238945
4239200
4239258
4239675
4239693
4239996
4240089
4240256
4240482
4240525
4240556
4240889
4240908
4240953
4241063
4241091
4241108
4241248
4241510
4241708
4241808
4241995
4242526
4242678
4242841
4242873
4243303
4243420
4243509
4243679
4243804
4243838
4244086
4244156
4244163
4244182
4244298
4244465
4244472
4244475
4244537
4244830
4244904
4244953
4245115
4245139
4245205
4245290
4245359
4245419
4245588
4245598
4245754
4245838
4246110
4246186
4246251
4246333
4246371
4246797
4246822
4246835
4246912
4247038
4247063
4247114
4247415
4247791
4247937
4247960
4247984
4248130
4248245
4248373
4248376
4248420
4248429
4248475
4248678
4248760
4248839
4248905
4249201
4249206
4249256
4249290
4249364
4249471
4249572
4249590
4249860
4250015
4250048
4250808
4250920
4250970
4250995
4251065
4251154
4251288
4251489
4251495
4251524
4251561
4251676
4251764
4251775
4251786
4251881
4251895
4251983
4251998
4252013
4252099
4252258
4252434
4252583
4252643
4252649
4252861
4252888
4252938
4253123
4253316
4253332
4253351
4253383
4253446
4253474
4253753
4253800
4253815
4253891
4254057
4254262
4254410
4254443
4254577
4254606
4254698
4254835
4254982
4255063
4255138
4255316
4255348
4255583
4256032
4256297
4256581
4256755
4256946
4256986
4256989
4256993
4257117
4257168
4257195
4257254
4257263
4257630
4257642
4258304
4258359
4258549
4258571
4258576
4258586
4258592
4258846
4259078
4259723
4260297
4260314
4263090
4265165
4265219
4265579
4265610
4265888
4268379
4268390
4268859
4269199
4269285
4270419
4271048
4271167
4271560
4272957
4273232
4273537
4273544
4274102
4274649
4274865
4275116
4275362
4275553
4275760
4275804
4276197
4276289
4276477
4276691
4277077
4277148
4278309
4278314
4278557
4278768
4279454
4279737
4280065
4280178
4280714
4281054
4281065
4281528
4281607
4281802
4281890
4282029
4282329
4283001
4283230
4283381
4283519
4283902
4284264
4284342
4284460
4284631
4285732
4285882
4285896
4285955
4286377
4286925
4287165
4287334
4287697
4287836
4287846
4288047
4288648
4288718
4288746
4288953
4289107
4289142
4289196
4289243
4289265
4289293
4289418
4289693
4289704
4289867
4289914
4290096
4290435
4290474
4290521
4290623
4290633
4290687
4290728
4290796
4290872
4291271
4291284
4291439
4291603
4291909
4292027
4292402
4292618
4292637
4292883
4293349
4293551
4293623
4293836
4293968
4293989
4293999
4294088
4294122
4294397
4294420
4294533
4294806
4294989
4295083
4295414
4295496
4295602
4295698
4295878
4295896
4296081
4296121
4296300
4296357
4296378
4296494
4296515
4296706
4296726
4296776
4296926
4297064
4297072
4297105
4297142
4297271
4297302
4297309
4297478
4297666
4297747
4297883
4297902
4297917
4297944
4298224
4298254
4298524
4298591
4298620
4298700
4298818
4298823
4298838
4298890
4298893
4298916
4298929
4298951
4299092
4299169
4299204
4299532
4299585
4299723
4299769
4299815
4299863
4300009
4300047
4300174
4300245
4300271
4300379
4300449
4301043
4301077
4301323
4301408
4301512
4301576
4301650
4302062
4302250
4302613
4302666
4302873
4302892
4302977
4303026
4303057
4303073
4303081
4303337
4304767
4305399
4305711
4305726
4306047
4306145
4306194
4306864
4307804
4308588
4309393
4309464
4309674
4309681
4309891
4310505
4310654
4310679
4310812
4311036
4311043
4311265
4311544
4311558
4311651
4312076
4312090
4312532
4312734
4313091
4313342
4313375
4313563
4313773
4314608
4314660
4315245
4315288
4315347
4315408
4315416
4315813
4315977
4316128
4316208
4316341
4316363
4316469
4316790
4316848
4317041
4317118
4317238
4317805
4318047
4318495
4318596
4319240
4319360
4319400
4319506
4319634
4319705
4320950
4321664
4321956
4322014
4322264
4322268
4323101
4323255
4323543
4323774
4324365
4324423
4324664
4324672
4325338
4325357
4326781
4326908
4327061
4327208
4327455
4327663
4327682
4327830
4327913
4327924
4327979
4328115
4328263
4328307
4328384
4328559
4328587
4328749
4328860
4329168
4329182
4329271
4329556
4329618
4329694
4330193
4330340
4330518
4330615
4330750
4330860
4330894
4330978
4331104
4331134
4331182
4331215
4331415
4331500
4331596
4331642
4331653
4331661
4331704
4331744
4331833
4331871
4331947
4331996
4332101
4332156
4332163
4332375
4332405
4332669
4332707
4332757
4332834
4332958
4332987
4333136
4333189
4333355
4333435
4333646
4333841
4333942
4333965
4334040
4334113
4334212
4334491
4334737
4334981
4335272
4335543
4335655
4335756
4335894
4336145
4336199
4336252
4336417
4336744
4336781
4336791
4336799
4336876
4336968
4336983
4336999
4337433
4337459
4337496
4337538
4337600
4337778
4337927
4338107
4338328
4338357
4338426
4338464
4338496
4338557
4338573
4338967
4339037
4339091
4339466
4339583
4339604
4339682
4339790
4340004
4340396
4340656
4340669
4340697
4340727
4340979
4340996
4340999
4341008
4341015
4341209
4341293
4341314
4341356
4341492
4341540
4341654
4341701
4341797
4342077
4342101
4342229
4342362
4342365
4342566
4342623
4342690
4342697
4342705
4342844
4343055
4343237
4343494
4343624
4343760
4343820
4343834
4344000
4344040
4344092
4344105
4344165
4344179
4344384
4344389
4344744
4344773
4345267
4345414
4345697
4345815
4347090
4347369
4347526
4348003
4348516
4349729
4349732
4350138
4350478
4350589
4350972
4351143
4351147
4351521
4351527
4351744
4351752
4351929
4351963
4352069
4352680
4353164
4353199
4353637
4353842
4354330
4354405
4354943
4355281
4355433
4355480
4355618
4355869
4356124
4356197
4356450
4356621
4357642
4357722
4357726
4357784
4357834
4358402
4358772
4358806
4358813
4359025
4359043
4359177
4359191
4359452
4359460
4359540
4359675
4359836
4359871
4360434
4360685
4360785
4360885
4361003
4361217
4361853
4362086
4362265
4362400
4362559
4362616
4362891
4363321
4363925
4364080
4364210
4364317
4364649
4364739
4365029
4365045
4365324
4365352
4365375
4365682
4365985
4365991
4366108
4366333
4366442
4366456
4366616
4366621
4366668
4366678
4366818
4367144
4367434
4367593
4367651
4367667
4367708
4367712
4367792
4367812
4367993
4368115
4368199
4368215
4368343
4368482
4368564
4368575
4368732
4368781
4368863
4368991
4369099
4369128
4369160
4369223
4369230
4369248
4369368
4369399
4369532
4370325
4370348
4370564
4370577
4370712
4370745
4370873
4371059
4371095
4371363
4371850
4372064
4372173
4372357
4372368
4372531
4372629
4372675
4372750
4372806
4373641
4373976
4374147
4374402
4374498
4374747
4374866
4375029
4375122
4375301
4375633
4375728
4375792
4375910
4376052
4376130
4376243
4376408
4376441
4376492
4376634
4376779
4377006
4377242
4377255
4377263
4377473
4377529
4377608
4378026
4378103
4378220
4378408
4378521
4378619
4379042
4379055
4379100
4379528
4379658
4379683
4379721
4379793
4379815
4380237
4380348
4380359
4380363
4380369
4380570
4380755
4380798
4381630
4381668
4381673
4381679
4381684
4381696
4381716
4381724
4381775
4382050
4382101
4382302
4382557
4382788
4382868
4382940
4383298
4383446
4383668
4383718
4383830
4383886
4383925
4383953
4384118
4384121
4384186
4384208
4384217
4384228
4384353
4384422
4384449
4384574
4384577
4385091
4385626
4385698
4386053
4386222
4386585
4387174
4387268
4389298
4389690
4389708
4389821
4389910
4390064
4390700
4390753
4391016
4391059
4392305
4392638
4392649
4392747
4392867
4392915
4392986
4393091
4393174
4393292
4393543
4393753
4394023
4394293
4395120
4395232
4395299
4395487
4395598
4395963
4395970
4396105
4396249
4396424
4396506
4396863
4397190
4397287
4397455
4398220
4398605
4398754
4399250
4399264
4399323
4399339
4399437
4399646
4400040
4400271
4400544
4400644
4400848
4401044
4401198
4401314
4401695
4402230
4402249
4402410
4402619
4403255
4404267
4404762
4405277
4405399
4405599
4405602
4405610
4405681
4405992
4406635
4406769
4407170
4407390
4407447
4407672
4407700
4407933
4407953
4408032
4408193
4408203
4408368
4408571
4408575
4408742
4408980
4409060
4409205
4409687
4409939
4409950
4409999
4410024
4410510
4410623
4411119
4411164
4411295
4411308
4411350
4411421
4411497
4411502
4411560
4411860
4412021
4412043
4412159
4412278
4412407
4412419
4412666
4412801
4412831
4412837
4412840
4412924
4412989
4413004
4413104
4413159
4413343
4413367
4413385
4413470
4413511
4413521
4413697
4413726
4413842
4413869
4413891
4414024
4414046
4414082
4414206
4414473
4414690
4414708
4415025
4415277
4415349
4415801
4415852
4415999
4416208
4416339
4416495
4416735
4416964
4417067
4417341
4417367
4417376
4417526
4417679
4417715
4417757
4418004
4418121
4418129
4418191
4418243
4418269
4418427
4418439
4418762
4418911
4419045
4419127
4419459
4419511
4419617
4419659
4420081
4420234
4420409
4420428
4420452
4420480
4420639
4420653
4420686
4420714
4420754
4420757
4420910
4421605
4421623
4421985
4422099
4422108
4422455
4422535
4422657
4422785
4422809
4423404
4423472
4423640
4423762
4423871
4424245
4424296
4424413
4424436
4424461
4424528
4424575
4424927
4425061
4425179
4425185
4425188
4425200
4425211
4425236
4425568
4425582
4425585
4425589
4426575
4428691
4429051
4429574
4429682
4430184
4430279
4430441
4430684
4431749
4432569
4432686
4432932
4432999
4433070
4433469
4433478
4433632
4433972
4434009
4434048
4434132
4434260
4434481
4434758
4435108
4435214
4435306
4436093
4436363
4436426
4436517
4436643
4436653
4436890
4436945
4437655
4437822
4438033
4438462
4438472
4438864
4438973
4438998
4439267
4439760
4439769
4439956
4440042
4440087
4440233
4440718
4440729
4441573
4441578
4442989
4443037
4444117
4444142
4444448
4444650
4444873
4444916
4444951
4445209
4445268
4445315
4445414
4445652
4445880
4446022
4446188
4446303
4446421
4446427
4446468
4446495
4446763
4446769
4446982
4447249
4447306
4447359
4447537
4447775
4447779
4447804
4447925
4447931
4448212
4448364
4448388
4448417
4448533
4448550
4448569
4448601
4448657
4448751
4448779
4449006
4449101
4449131
4449154
4449246
4449255
4449261
4449371
4449536
4449542
4449556
4449833
4449846
4450201
4450236
4450323
4450426
4450505
4450769
4451028
4451241
4451264
4451268
4451402
4451408
4451439
4451517
4451776
4451803
4451816
4452354
4452432
4452760
4452825
4452868
4452955
4452987
4452990
4453226
4453234
4453305
4453308
4453317
4453441
4453462
4453832
4453833
4453904
4454043
4454100
4454122
4454190
4454324
4454560
4454637
4454666
4454729
4454770
4454796
4454826
4454838
4454964
4454999
4455139
4455301
4455328
4455357
4455368
4455461
4455905
4455914
4455917
4456011
4456036
4456245
4456466
4456524
4456587
4457367
4457473
4457478
4457740
4457831
4457842
4457875
4458115
4458126
4458146
4458472
4458657
4458709
4458765
4458803
4459302
4459536
4459568
4459826
4459922
4459963
4460792
4460799
4461119
4461156
4461194
4461217
4461257
4461279
4461827
4462184
4462190
4462388
4462411
4462414
4462429
4462621
4462757
4462773
4462980
4464571
4465052
4467116
4471751
4471926
4471929
4471966
4472234
4472446
4472538
4473439
4475848
4476332
4476606
4477448
4477530
4479309
4479954
4480058
4481123
4482436
4482458
4482485
4482508
4482970
4483107
4483691
4483783
4483868
4484346
4484698
4484777
4485103
4485171
4485260
4485513
4485580
4485725
4485739
4485855
4485863
4486417
4486556
4486862
4486888
4487468
4489284
4489487
4489571
4489613
4489863
4490541
4490567
4490892
4491029
4491117
4491185
4491188
4491194
4491199
4491208
4491488
4491496
4491519
4491580
4491675
4492061
4492205
4492428
4492471
4492799
4492880
4493427
4493492
4493637
4493644
4493647
4493660
4493756
4493790
4493897
4494035
4494321
4494591
4494704
4494713
4494958
4495104
4495509
4495575
4495674
4495744
4495828
4495979
4496025
4496330
4496341
4496349
4496363
4496594
4496951
4496955
4497021
4497412
4497660
4497923
4498432
4498453
4498473
4498505
4498656
4498672
4498719
4499083
4499309
4499340
4499360
4499587
4499845
4500252
4500443
4500474
4500621
4500647
4500694
4500773
4500883
4501056
4501239
4501357
4501413
4501428
4501455
4501519
4501567
4501590
4501601
4501642
4501798
4501808
4501879
4502041
4502110
4502173
4502307
4502347
4502434
4502516
4502625
4502822
4502921
4502981
4503009
4503063
4503150
4503260
4503276
4503377
4503384
4503644
4503831
4503850
4503866
4503959
4503964
4504139
4504437
4504441
4504553
4504783
4504820
4504887
4505516
4505570
4505602
4505674
4505747
4505845
4505890
4505986
4506015
4506269
4506326
4506388
4506540
4506594
4506732
4506825
4507156
4507542
4507816
4507910
4507931
4508129
4508267
4508288
4508321
4508326
4508350
4508358
4508366
4508419
4508449
4508461
4508548
4508615
4508779
4509002
4509013
4509035
4509057
4509109
4509119
4509174
4509455
4509612
4509645
4509675
4509682
4509696
4509780
4510283
4510412
4510446
4510485
4510530
4510730
4510771
4511298
4511460
4511546
4511561
4511738
4511797
4512375
4512932
4513335
4513503
4515753
4516219
4516741
4516845
4516993
4517207
4517275
4517374
4517392
4517419
4517827
4517976
4518089
4518121
4518125
4518129
4519093
4519342
4519349
4520248
4520374
4520844
4521018
4521143
4521189
4521234
4521429
4521766
4521860
4522029
4522085
4522149
4522225
4522381
4522715
4522980
4524305
4524470
4524794
4524840
4524987
4525034
4525041
4525302
4525350
4525407
4525487
4525952
4525962
4525977
4526390
4526730
4526982
4527025
4527035
4527124
4527538
4527551
4527597
4527904
4528281
4528320
4528336
4528404
4528581
4528735
4528787
4529171
4529202
4529706
4529781
4529912
4529956
4529967
4530190
4531151
4531762
4532214
4532325
4532333
4532365
4532549
4532899
4533301
4533559
4533669
4533678
4533723
4533963
4534931
4534946
4535037
4535150
4535232
4535288
4535369
4535606
4535751
4535762
4535825
4535833
4536118
4536142
4536239
4536388
4536450
4536755
4536774
4537035
4537246
4537513
4537657
4538409
4538457
4538555
4538671
4538711
4538848
4538910
4538981
4539154
4539177
4539217
4539363
4539593
4539722
4539776
4539800
4539934
4540005
4540036
4540190
4540248
4540307
4540331
4540596
4540763
4540826
4540960
4541240
4541364
4541634
4541694
4542109
4542122
4542244
4542268
4542348
4542501
4542615
4542845
4542848
4542852
4542903
4543292
4543429
4543471
4543966
4543978
4544148
4544182
4544420
4544595
4544697
4544751
4544911
4544945
4545120
4545163
4545174
4545198
4545215
4545307
4545361
4545647
4545650
4545738
4545825
4545941
4546047
4546087
4546209
4546290
4546315
4546531
4546608
4546630
4546918
4546969
4547102
4547168
4547298
4547329
4547431
4547446
4547541
4547578
4547774
4547786
4547917
4548082
4548182
4548202
4548675
4548690
4548716
4548734
4548923
4548958
4549141
4549236
4549352
4549514
4549693
4549921
4550049
4550077
4550210
4550688
4551084
4551125
4551203
4551210
4551273
4551360
4551378
4551510
4551918
4552036
4552255
4552392
4552664
4552855
4552940
4552944
4553287
4553579
4554114
4554267
4555148
4555226
4558508
4559511
4559676
4559706
4559713
4560034
4560428
4560672
4560733
4560852
4560876
4560929
4561541
4561904
4562204
4562371
4562554
4562688
4563753
4564002
4564059
4564096
4564686
4565003
4565381
4565448
4565467
4565583
4565645
4565713
4565876
4566096
4566327
4566853
4566903
4567056
4567080
4567118
4567191
4567696
4567730
4568025
4568278
4568629
4568856
4569181
4569184
4569193
4569829
4569900
4569903
4570187
4570291
4570662
4570929
4570988
4571147
4571372
4571570
4571638
4571753
4572022
4572044
4572145
4572439
4572506
4572571
4572937
4573069
4573507
4574016
4574076
4575592
4575780
4576183
4576300
4576445
4576664
4576760
4577082
4577102
4577253
4577284
4577296
4577406
4577540
4578181
4578269
4578373
4578425
4578442
4578923
4579004
4579348
4579427
4579544
4579628
4579760
4579798
4580182
4580440
4580474
4580589
4580663
4580838
4580929
4580941
4580999
4581020
4581158
4581163
4581171
4581203
4581322
4581696
4581752
4581762
4581897
4581910
4581917
4581997
4582034
4582104
4582146
4582176
4582461
4582639
4582748
4582753
4583052
4583200
4583458
4583547
4583552
4583610
4583642
4583657
4583681
4583770
4583860
4583901
4584015
4584042
4584076
4584126
4584137
4584153
4584330
4584409
4584470
4584615
4584620
4584636
4584728
4584778
4584816
4585073
4585254
4585287
4585294
4585326
4585336
4585350
4585366
4585484
4586046
4586054
4586200
4586275
4586400
4586456
4586982
4587031
4587235
4587534
4587573
4587841
4587904
4588074
4588158
4588187
4588293
4588327
4588390
4588610
4588620
4589059
4589134
4589170
4589508
4589796
4590265
4590396
4590809
4590896
4591001
4591080
4591617
4591709
4591758
4591897
4592151
4592300
4592508
4592580
4592750
4592931
4592947
4593141
4593157
4593387
4593446
4593525
4593533
4593574
4593592
4593627
4593822
4593931
4593964
4593969
4594043
4594151
4594235
4594614
4594805
4595480
4595613
4595649
4595785
4596056
4596647
4596855
4597207
4597275
4597995
4598074
4598086
4600277
4600859
4600870
4601551
4601600
4601815
4602004
4602428
4602442
4602741
4602987
4603701
4604078
4604185
4604396
4604833
4605046
4605693
4606296
4606667
4606845
4606865
4607179
4607249
4607485
4607578
4608305
4608836
4609467
4609639
4609940
4610125
4610784
4610858
4611361
4611424
4611545
4611808
4612085
4612327
4612410
4612564
4612775
4612960
4613720
4613782
4614120
4614210
4614310
4614407
4614924
4615248
4615438
4615830
4615896
4616036
4616252
4616405
4617178
4617247
4617715
4618100
4618185
4618189
4618249
4618601
4618969
4619059
4619371
4619441
4619661
4619685
4619703
4619799
4619922
4619976
4620038
4620212
4620299
4620344
4620394
4620562
4620617
4620714
4620750
4620868
4620912
4620949
4620992
4621005
4621014
4621056
4621310
4621360
4621447
4621519
4621730
4621884
4621913
4622057
4622093
4622424
4622431
4622556
4622609
4622875
4622990
4623005
4623065
4623225
4623241
4623251
4623254
4623424
4623515
4623635
4623660
4623746
4623843
4623868
4623894
4624130
4624162
4624386
4624554
4624646
4624698
4625253
4625351
4625646
4625696
4625751
4625793
4626010
4626381
4626389
4626481
4626496
4626758
4626786
4627090
4627193
4627228
4627338
4627424
4627469
4627595
4627696
4627859
4627890
4627902
4627908
4627977
4628046
4628094
4628103
4628145
4628189
4628224
4628261
4628316
4628552
4628656
4629015
4629022
4629477
4629555
4629795
4629872
4629879
4630063
4630218
4630247
4630260
4630440
4630469
4630532
4630796
4630879
4631078
4631095
4631103
4631207
4631243
4631259
4631524
4631926
4632119
4632228
4632266
4632470
4632493
4632522
4632589
4632613
4632679
4632999
4633110
4633729
4633777
4633797
4634033
4634074
4634187
4634195
4634347
4634650
4634812
4634827
4634841
4634844
4634913
4634949
4635009
4635016
4635044
4635106
4635203
4635223
4635275
4635790
4636202
4636242
4636581
4636631
4636658
4636664
4636773
4637027
4637033
4637186
4637573
4637645
4640802
4640809
4643338
4643636
4643654
4643794
4644028
4644039
4644110
4644138
4644347
4644854
4644869
4645028
4645129
4645177
4645225
4645339
4645353
4645384
4645659
4645662
4645697
4645852
4646348
4646555
4647269
4648162
4648904
4649016
4649348
4649451
4649567
4649576
4649685
4649850
4649956
4649970
4650140
4650276
4650379
4650594
4651011
4651151
4651213
4651280
4652003
4652247
4652300
4652327
4652858
4653600
4653672
4654105
4654126
4654141
4654537
4654727
4655263
4655531
4655598
4655619
4656204
4656245
4656632
4656670
4656682
4656739
4656800
4657015
4657073
4657312
4657501
4658062
4658123
4658316
4658322
4658480
4658519
4658556
4659087
4659358
4659546
4659807
4659830
4659846
4659868
4660005
4660146
4660159
4660477
4660582
4660832
4660864
4661047
4661057
4661081
4661202
4661282
4661417
4661596
4661633
4661736
4661790
4661852
4661860
4661943
4662301
4662465
4662634
4662715
4662746
4662778
4662834
4662867
4662930
4663124
4663247
4663352
4663362
4663365
4663405
4663683
4663835
4663858
4663971
4663992
4664076
4664226
4664291
4664790
4664818
4664975
4665035
4665062
4665097
4665116
4665215
4665324
4665359
4665370
4665432
4665456
4665491
4665732
4665751
4665858
4665943
4666077
4666137
4666140
4666196
4666506
4666534
4666567
4666605
4666671
4666722
4667068
4667180
4667284
4667544
4667716
4667896
4668146
4668163
4668281
4668293
4668305
4668387
4668548
4668571
4668649
4668783
4668807
4668953
4668976
4669015
4669047
4669280
4669307
4669389
4669456
4669534
4669723
4669817
4669879
4669912
4669936
4669954
4669989
4670109
4670246
4670275
4670292
4670433
4670656
4670777
4670884
4670973
4671122
4671212
4671370
4671408
4671504
4671623
4671643
4671646
4671941
4672089
4672121
4672235
4672374
4672560
4672718
4672810
4672829
4672887
4672965
4673000
4673228
4673237
4673264
4673332
4673359
4673381
4673464
4673562
4673569
4673740
4673784
4674094
4674153
4674392
4674660
4674723
4674858
4674877
4674894
4675185
4675363
4675407
4675516
4675609
4675708
4675820
4675913
4675917
4676258
4676261
4676269
4676403
4676471
4676627
4676641
4676752
4676820
4676851
4676911
4676921
4676948
4676961
4676969
4677078
4677138
4677224
4677335
4677398
4677413
4677486
4677694
4677993
4678015
4678186
4678278
4678286
4678289
4678303
4678399
4678492
4678496
4678503
4678620
4678690
4678923
4679008
4679148
4679404
4679535
4679621
4679696
4679716
4679722
4679725
4679732
4679806
4679847
4679855
4679858
4679962
4680136
4680431
4680591
4680672
4682512
4683066
4683106
4683887
4685101
4685266
4686058
4687275
4690641
4691796
4692190
4692391
4692394
4692684
4692858
4692932
4693198
4693238
4693266
4693731
4693810
4693876
4694297
4694517
4694842
4695160
4695188
4695245
4695595
4696225
4696257
4696679
4696965
4696985
4697298
4697707
4697792
4698141
4698222
4698476
4698520
4698677
4698823
4699176
4699273
4699403
4699586
4700141
4700192
4700275
4700480
4700671
4700994
4701797
4702124
4702670
4702854
4703607
4703728
4704138
4704238
4704362
4704517
4704688
4704715
4704768
4704805
4704885
4705133
4705192
4705586
4705589
4705686
4705741
4706745
4707002
4707146
4707709
4708168
4708184
4709149
4709216
4709712
4709859
4709919
4710059
4710091
4710257
4710271
4710308
4710311
4710319
4711194
4711299
4711473
4711514
4711615
4711650
4711698
4711819
4711874
4712118
4712148
4712178
4712581
4712994
4713054
4713099
4713433
4713577
4713585
4713772
4713844
4714036
4714107
4714165
4714336
4714482
4714682
4714700
4714709
4714835
4715119
4715424
4715490
4715562
4715579
4715600
4715872
4715901
4716471
4716920
4716934
4717286
4717432
4717521
4717710
4717838
4718206
4718359
4718369
4718434
4718683
4718930
4718997
4719041
4719281
4719600
4720050
4720414
4720545
4720678
4720687
4720760
4721156
4721201
4721411
4721460
4721470
4721552
4721575
4721701
4721713
4721759
4721796
4721907
4722036
4722286
4722366
4722413
4722564
4722614
4722846
4723151
4723182
4723218
4723294
4723314
4723399
4723430
4723477
4723535
4723651
4723686
4723957
4724073
4724200
4724229
4724417
4724461
4724471
4724676
4725033
4725058
4725111
4725200
4725235
4725258
4725314
4725393
4725484
4725695
4725762
4725849
4725879
4726587
4726655
4726659
4726672
4726723
4726754
4726782
4726813
4726819
4726962
4727130
4727279
4727314
4727367
4727596
4727643
4727649
4727709
4727930
4728024
4728060
4728083
4728243
4728426
4728536
4728869
4728900
4728919
4728929
4728965
4729062
4729408
4729523
4729578
4729863
4730350
4730869
4731130
4731314
4731329
4731551
4732605
4732738
4732870
4733070
4733284
4733287
4733330
4733380
4736827
4737064
4737282
4737296
4737303
4737444
4738016
4738123
4738172
4738275
4738291
4738356
4738376
4738555
4739262
4739318
4739491
4739716
4739727
4739900
4741183
4741732
4741803
4742589
4743034
4743101
4252120
4445580
4493431
4498490
